$ python counts.py games
game frames: 1000   mean ops 15,200,279
per-frame event counts: mean / min / max
   seg_pass1 call                        211.8      1    503
   seg_pass1_ts call                      68.0      1    769
   seg_pass2 call                         14.8      1     38
   thing_pass call                       219.2      1    463
   thing_leaf call                        19.3      0     46
   thing_leaf_b call                      62.5      0    137
   bbgate call                            50.4      5     93
   pos_leaf call                         260.4     32    512
   thing_pass alive (thing loaded)        19.3      0     46

unit costs (MEASURED ratios over the 1000 frames):
   BSP node side test (bspcode-walk object / pos_leaf calls): 4,147 ops
   seg_pass1_leaf     per call: 12,472 ops (211.8 calls/frame)
   seg_pass1_ts_leaf  per call: 40,027 ops (68.0 calls/frame)
   seg_pass2_leaf     per call: 271,193 ops (14.8 calls/frame)
   thing_pass_leaf    per call: 3,215 ops (219.2 calls/frame)
   thing_leaf         per call: 30,197 ops (19.3 calls/frame)
   thing_leaf_b       per call: 15,460 ops (62.5 calls/frame)

orientation only: render walk ~ sum(calls_k * c_k) + c0, least squares, R^2 = 0.9686, residual sd 1,393,752

heaviest game frames: total, objects (owner-attributed), then calls p1 ts p2 tp tl tlb pos
      total seg_pass2 seg_pass1 seg_pass1 collision bspcode w thing_lea thing_pas thing_lea sim.bind_
 15,200,279 4,019,353 2,723,647 2,641,860 1,390,154 1,080,000   966,408   704,965   583,454   438,809  | 212 68 15 219 19 63 260  (mean)
 32,416,642 4,232,256 14,671,542 4,229,468 1,365,010 1,871,596 2,372,872 1,191,996   964,296   438,812  | 349 769 17 396 31 120 429
 31,502,020 3,485,012 14,337,914 4,061,179 1,458,828 1,847,476 2,860,759 1,179,901   835,534   438,809  | 345 741 16 387 31 120 423
 31,472,109 3,801,744 14,468,264 4,043,270 1,485,669 1,846,747 2,176,870 1,179,812 1,015,025   438,809  | 345 741 20 387 31 120 423
 29,130,459 6,803,469 5,111,988 7,258,929 1,745,545 2,068,988 1,920,467 1,598,185 1,079,575   438,812  | 503 79 29 463 46 137 494
 29,056,682 6,793,529 5,214,023 7,033,749 1,752,234 2,072,044 1,879,402 1,598,142 1,100,754   438,812  | 503 86 30 463 46 137 494
 28,701,285 5,584,746 4,441,313 7,210,749 3,357,307 2,134,880 1,991,855 1,598,182   999,666   438,809  | 503 74 31 463 46 137 512
 28,569,306 6,526,722 4,824,214 7,315,834 1,756,448 2,070,098 1,907,320 1,598,228 1,037,104   438,812  | 503 79 27 463 46 137 495
 28,509,552 6,429,007 5,078,931 7,099,097 1,758,288 2,072,961 1,878,694 1,598,214 1,105,783   438,812  | 503 83 28 463 46 137 494
 28,246,770 6,221,323 4,835,528 7,078,194 1,785,148 2,082,290 2,000,501 1,598,188 1,149,860   438,812  | 503 86 32 463 46 137 496
 28,218,543 6,441,982 4,936,570 6,925,548 1,766,465 2,074,009 1,880,239 1,598,213 1,108,661   438,812  | 503 86 31 463 46 137 494
  3,690,928 1,817,128        24    36,400   935,976   172,676         0     1,350         0   438,815  | 2 1 2 1 0 0 48
  3,699,219 1,826,452        24    36,651   935,900   172,780         0     1,350         0   438,815  | 2 1 2 1 0 0 48
  3,700,947 1,827,104        24    36,622   935,651   172,672         0     1,350         0   438,815  | 2 1 2 1 0 0 48
