$ python analyze.py heavy games 12
heaviest game frames (ops) and their biggest objects; the mean frame for reference
run:frame        total seg_pass2_ seg_pass1_ seg_pass1_ collision  bspcode wa thing_leaf thing_pass thing_leaf sim.bind_t
mean        15,200,254  4,019,353  2,723,647  2,641,860  1,390,154  1,080,000    966,408    704,965    583,454    438,809
g5:41       32,416,190  4,232,256 14,671,542  4,229,468  1,365,010  1,871,596  2,372,872  1,191,996    964,296    438,812
g9:75       31,502,003  3,485,012 14,337,914  4,061,179  1,458,828  1,847,476  2,860,759  1,179,901    835,534    438,809
g9:76       31,472,153  3,801,744 14,468,264  4,043,270  1,485,669  1,846,747  2,176,870  1,179,812  1,015,025    438,809
g3:13       29,130,460  6,803,469  5,111,988  7,258,929  1,745,545  2,068,988  1,920,467  1,598,185  1,079,575    438,812
g0:4        29,056,616  6,793,529  5,214,023  7,033,749  1,752,234  2,072,044  1,879,402  1,598,142  1,100,754    438,812
g6:41       28,701,263  5,584,746  4,441,313  7,210,749  3,357,307  2,134,880  1,991,855  1,598,182    999,666    438,809
g3:12       28,569,287  6,526,722  4,824,214  7,315,834  1,756,448  2,070,098  1,907,320  1,598,228  1,037,104    438,812
g3:14       28,509,517  6,429,007  5,078,931  7,099,097  1,758,288  2,072,961  1,878,694  1,598,214  1,105,783    438,812
g2:12       28,246,548  6,221,323  4,835,528  7,078,194  1,785,148  2,082,290  2,000,501  1,598,188  1,149,860    438,812
g0:5        28,218,545  6,441,982  4,936,570  6,925,548  1,766,465  2,074,009  1,880,239  1,598,213  1,108,661    438,812
g8:58       28,163,169  5,419,914  4,215,623  7,191,255  3,361,947  2,124,238  1,902,149  1,594,142    905,113    438,809
g2:13       27,999,738  6,033,996  5,047,610  7,031,554  1,774,427  2,082,695  1,893,711  1,598,149  1,083,667    438,812
